43.233568,11.728493,0.74,12
43.233572,11.728491,0.56,19
43.233572,11.728491,0.56,22
43.233572,11.728491,0.56,17
43.233572,11.728475,4.0,19
43.233572,11.728475,4.0,3
43.233572,11.728475,4.0,0
43.233568,11.728467,1.93,10
43.233568,11.728467,1.93,8
43.233568,11.728467,1.93,13
43.233568,11.728471,1.02,0
43.233568,11.728471,1.02,-1
43.233568,11.728471,1.02,-1
43.233568,11.728476,1.5,-6
43.233568,11.728476,1.5,2
43.233568,11.728476,1.5,4
43.233568,11.728478,0.72,6
43.233568,11.728478,0.72,11
43.233568,11.728478,0.72,16
43.233564,11.728483,0.8,11
43.233564,11.728483,0.8,17
43.233564,11.728483,0.8,18
43.23356,11.728486,0.63,11
43.23356,11.728486,0.63,-20
43.23356,11.728486,0.63,-27
43.233564,11.728489,1.26,-37
43.233564,11.728489,1.26,-68
43.233564,11.728492,1.93,-71
43.233564,11.728492,1.93,-50
43.233564,11.728492,1.93,-5
43.233572,11.728496,2.43,-5
43.233572,11.728496,2.43,-9
43.233572,11.728496,2.43,13
43.233572,11.728498,1.54,-40
43.233572,11.728498,1.54,-52
43.233572,11.728498,1.54,-55
43.233568,11.728506,2.22,-56
43.233568,11.728506,2.22,-58
43.233568,11.728506,2.22,-56
43.233568,11.728507,0.56,-57
43.233568,11.728507,0.56,-59
43.233568,11.728507,0.56,-57
43.233564,11.728509,0.63,-59
43.233564,11.728509,0.63,-60
43.233568,11.728509,1.04,-57
43.233568,11.728509,1.04,46
43.233568,11.728509,1.04,54
43.233568,11.728511,0.35,53
43.233568,11.728511,0.35,50
43.233568,11.728511,0.35,51
43.233568,11.728515,0.28,52
43.233568,11.728515,0.28,38
43.233568,11.728515,0.28,33
43.233568,11.728515,0.2,32
43.233568,11.728515,0.2,12
43.233568,11.728515,0.19,44
43.233568,11.728515,0.19,30
43.233568,11.728515,0.19,10
43.233564,11.728513,0.74,-7
43.233564,11.728513,0.74,-1
43.233564,11.728513,0.06,-1
43.233564,11.728513,0.06,-2
43.233564,11.728513,0.06,-2
43.23356,11.728524,4.35,-1
43.23356,11.728524,4.35,-2
43.23356,11.728524,4.35,-2
43.233556,11.728523,1.76,-3
43.233556,11.728523,1.76,-3
43.233556,11.728523,1.76,-37
43.233556,11.728526,1.78,-54
43.233556,11.728526,1.78,-55
43.233556,11.728526,1.78,-54
43.233556,11.72853,1.69,-53
43.233556,11.72853,1.69,-53
43.233556,11.72853,1.69,-52
43.233556,11.728535,2.82,-14
43.233556,11.728535,2.82,57
43.233556,11.728535,2.82,60
43.233564,11.728536,1.5,59
43.233564,11.728536,1.5,57
43.233564,11.728536,1.5,56
43.233584,11.728529,1.39,57
43.233584,11.728529,1.39,55
43.233584,11.728529,1.39,48
43.23358,11.728535,2.0,-6
43.23358,11.728535,2.0,-63
43.23358,11.728535,2.0,-63
43.23358,11.728541,2.17,-61
43.23358,11.728541,2.17,-64
43.23358,11.728541,2.17,-64
43.233572,11.728557,3.35,-59
43.233572,11.728557,3.35,11
43.233572,11.728557,3.35,30
43.233572,11.728559,2.57,47
43.233572,11.728559,2.57,60
43.233572,11.728559,2.57,64
43.233576,11.728556,1.19,64
43.233576,11.728556,1.19,65
43.233576,11.728556,1.19,65
43.233572,11.728559,1.3,62
43.233572,11.728559,1.3,0
43.233572,11.728559,1.3,-27
43.233576,11.728567,1.89,-53
43.233576,11.728567,1.89,-68
43.233576,11.728568,0.93,-77
43.233576,11.728568,0.93,-74
43.233576,11.728568,0.93,-70
43.233576,11.728566,0.07,-74
43.233576,11.728566,0.07,-56
43.233576,11.728566,0.07,-24
43.233576,11.728564,0.3,-7
43.233576,11.728564,0.3,22
43.233576,11.728564,0.3,27
43.233584,11.728559,0.37,30
43.233584,11.728559,0.37,33
43.233584,11.728559,0.37,38
43.233584,11.728554,0.2,44
43.233584,11.728554,0.2,64
43.233584,11.728554,0.2,66
43.233584,11.728547,0.22,68
43.233584,11.728547,0.22,28
43.233584,11.728547,0.22,14
43.233584,11.728545,0.35,0
43.233584,11.728545,0.35,-15
43.233584,11.728545,0.35,-28
43.233584,11.728545,0.15,-8
43.233584,11.728545,0.15,-4
43.233584,11.728545,0.15,10
43.233584,11.728545,0.17,26
43.233584,11.728545,0.17,-9
43.233584,11.728545,0.17,12
43.233584,11.728542,0.52,7
43.233584,11.728542,0.52,16
43.233584,11.728542,0.52,-14
43.233584,11.72854,0.13,6
43.233584,11.72854,0.13,5
43.233584,11.72854,0.13,16
43.233584,11.72854,0.11,4
43.233584,11.72854,0.11,-7
43.233588,11.728539,0.07,4
43.233588,11.728539,0.07,2
43.233588,11.728539,0.07,-2
43.233584,11.728539,0.24,2
43.233584,11.728539,0.24,-2
43.233584,11.728539,0.24,-2
43.233592,11.728539,1.59,-3
43.233592,11.728539,1.59,-4
43.233592,11.728539,1.59,-3
43.233612,11.728544,5.87,-13
43.233612,11.728544,5.87,-8
43.233612,11.728544,5.87,3
43.233636,11.728556,9.45,-9
43.233636,11.728556,9.45,2
43.233636,11.728556,9.45,8
43.233664,11.72857,11.28,0
43.233664,11.72857,11.28,-1
43.233664,11.72857,11.28,-9
43.233684,11.7286,11.69,2
43.233684,11.7286,11.69,-10
43.233684,11.7286,11.69,-7
43.233692,11.728621,9.22,-2
43.233692,11.728621,9.22,-5
43.233692,11.728621,9.22,-15
43.233696,11.728629,5.39,0
43.233696,11.728629,5.39,-17
43.233696,11.728629,5.39,-18
43.2337,11.728636,3.74,-17
43.2337,11.728636,3.74,-9
43.2337,11.728636,3.74,-8
43.2337,11.728649,3.69,-3
43.2337,11.728649,3.69,0
43.2337,11.728649,3.69,-11
43.2337,11.728668,4.7,-2
43.2337,11.728668,4.7,5
43.2337,11.728668,4.7,-1
43.23368,11.72869,6.54,4
43.23368,11.72869,6.54,-5
43.23368,11.72869,6.54,-10
43.233648,11.728712,9.98,0
43.233648,11.728712,9.98,-13
43.233648,11.728712,9.98,-16
43.233608,11.728729,12.82,-2
43.233608,11.728729,12.82,-3
43.233608,11.728729,12.82,7
43.233544,11.728757,19.59,15
43.233544,11.728757,19.59,0
43.233544,11.728757,19.59,2
43.233476,11.728791,24.78,0
43.233476,11.728791,24.78,14
43.233476,11.728791,24.78,16
43.2334,11.728834,29.85,18
43.2334,11.728834,29.85,14
43.23332,11.728877,33.0,12
43.23332,11.728877,33.0,8
43.23332,11.728877,33.0,13
43.233236,11.728918,35.43,7
43.233236,11.728918,35.43,5
43.233236,11.728918,35.43,4
43.233148,11.728965,36.56,7
43.233148,11.728965,36.56,0
43.233148,11.728965,36.56,-6
43.233056,11.729015,37.69,3
43.233056,11.729015,37.69,-1
43.232956,11.729078,41.04,-3
43.232956,11.729078,41.04,-7
43.232956,11.729078,41.04,-8
43.232852,11.729144,42.89,-6
43.232852,11.729144,42.89,10
43.232852,11.729144,42.89,10
43.232748,11.729221,45.21,-2
43.232748,11.729221,45.21,-8
43.232748,11.729221,45.21,5
43.23264,11.729291,46.39,5
43.23264,11.729291,46.39,11
43.23264,11.729291,46.39,12
43.232536,11.729362,46.8,7
43.232536,11.729362,46.8,-1
43.232536,11.729362,46.8,-15
43.232424,11.72944,48.15,-4
43.232424,11.72944,48.15,31
43.232424,11.72944,48.15,24
43.23232,11.72952,49.04,7
43.23232,11.72952,49.04,2
43.23232,11.72952,49.04,2
43.2322,11.729597,50.06,-9
43.2322,11.729597,50.06,-28
43.2322,11.729597,50.06,-37
43.232088,11.729671,51.28,-41
43.232088,11.729671,51.28,-18
43.232088,11.729671,51.28,-6
43.231964,11.729753,52.47,-5
43.231964,11.729753,52.47,-1
43.231844,11.729829,52.15,10
43.231844,11.729829,52.15,27
43.231844,11.729829,52.15,26
43.231724,11.729914,53.37,16
43.231724,11.729914,53.37,6
43.231724,11.729914,53.37,15
43.231592,11.73,55.49,26
43.231592,11.73,55.49,35
43.231592,11.73,55.49,36
43.231448,11.730088,57.6,36
43.231448,11.730088,57.6,49
43.231448,11.730088,57.6,41
43.231308,11.730181,59.6,50
43.231308,11.730181,59.6,43
43.231308,11.730181,59.6,48
43.231172,11.73028,60.76,51
43.231172,11.73028,60.76,36
43.231172,11.73028,60.76,20
43.231028,11.730377,61.63,18
43.231028,11.730377,61.63,30
43.231028,11.730377,61.63,30
43.230888,11.73048,62.78,32
43.230888,11.73048,62.78,53
43.230888,11.73048,62.78,52
43.230752,11.730587,63.1,52
43.230752,11.730587,63.1,40
43.230752,11.730587,63.1,41
43.230612,11.730702,64.21,34
43.230612,11.730702,64.21,-254
43.230476,11.730824,64.76,44
43.230476,11.730824,64.76,67
43.230476,11.730824,64.76,61
43.230344,11.730953,65.25,43
43.230344,11.730953,65.25,48
43.230344,11.730953,65.25,62
43.230212,11.731093,65.25,50
43.230212,11.731093,65.25,33
43.230212,11.731093,65.25,35
43.230088,11.731236,65.17,35
43.230088,11.731236,65.17,17
43.230088,11.731236,65.17,9
43.22996,11.731383,65.78,12
43.22996,11.731383,65.78,37
43.22996,11.731383,65.78,36
43.22984,11.731537,65.73,45
43.22984,11.731537,65.73,55
43.22984,11.731537,65.73,43
43.229728,11.731699,65.67,38
43.229728,11.731699,65.67,48
43.229728,11.731699,65.67,36
43.22962,11.73187,65.65,51
43.22962,11.73187,65.65,21
43.22962,11.73187,65.65,16
43.229516,11.732041,65.43,8
43.229516,11.732041,65.43,6
43.229516,11.732041,65.43,0
43.229416,11.732218,65.51,-3
43.229416,11.732218,65.51,6
43.229416,11.732218,65.51,17
43.229312,11.732394,65.63,20
43.229312,11.732394,65.63,8
43.229312,11.732394,65.63,10
43.229212,11.732573,65.51,22
43.229212,11.732573,65.51,27
43.229212,11.732573,65.51,15
43.229116,11.732753,65.78,25
43.229116,11.732753,65.78,37
43.229116,11.732753,65.78,32
43.229116,11.732753,65.78,17
43.22902,11.732933,65.62,2
43.22902,11.732933,65.62,5
43.22902,11.732933,65.62,11
43.22892,11.73311,65.06,18
43.22892,11.73311,65.06,2
43.22892,11.73311,65.06,0
43.22882,11.733283,64.08,3
43.22882,11.733283,64.08,0
43.22882,11.733283,64.08,0
43.228724,11.733455,63.28,-9
43.228724,11.733455,63.28,-10
43.228724,11.733455,63.28,-9
43.228632,11.733626,62.69,-1
43.228632,11.733626,62.69,-3
43.228632,11.733626,62.69,-14
43.22854,11.733795,62.32,-7
43.22854,11.733795,62.32,-24
43.22854,11.733795,62.32,-3
43.228444,11.733965,62.32,0
43.228444,11.733965,62.32,8
43.228444,11.733965,62.32,-7
43.228348,11.734133,62.58,-17
43.228348,11.734133,62.58,-14
43.228348,11.734133,62.58,-21
43.22824,11.734298,63.12,-23
43.22824,11.734298,63.12,-19
43.228128,11.734462,64.88,-13
43.228128,11.734462,64.88,8
43.228128,11.734462,64.88,12
43.228012,11.734621,65.63,-1
43.228012,11.734621,65.63,-18
43.228012,11.734621,65.63,-15
43.227892,11.734781,66.82,-8
43.227892,11.734781,66.82,12
43.227892,11.734781,66.82,17
43.227768,11.73494,67.17,17
43.227768,11.73494,67.17,23
43.227768,11.73494,67.17,27
43.227644,11.735095,66.71,21
43.227644,11.735095,66.71,13
43.227644,11.735095,66.71,26
43.227524,11.735249,65.75,18
43.227524,11.735249,65.75,46
43.227524,11.735249,65.75,45
43.227404,11.735402,65.1,74
43.227404,11.735402,65.1,29
43.227404,11.735402,65.1,30
43.227296,11.735562,65.08,25
43.227296,11.735562,65.08,20
43.227296,11.735562,65.08,38
43.227184,11.735729,65.3,37
43.227184,11.735729,65.3,25
43.227184,11.735729,65.3,30
43.227084,11.735909,65.84,31
43.227084,11.735909,65.84,30
43.227084,11.735909,65.84,19
43.226996,11.736096,65.93,19
43.226996,11.736096,65.93,5
43.226996,11.736096,65.93,7
43.226908,11.736284,65.76,-3
43.226908,11.736284,65.76,-7
43.226908,11.736284,65.76,-2
43.226824,11.736473,65.23,-24
43.226824,11.736473,65.23,0
43.226824,11.736473,65.23,-1
43.226744,11.736657,63.43,-14
43.226744,11.736657,63.43,-5
43.226744,11.736657,63.43,0
43.22666,11.736837,62.0,0
43.22666,11.736837,62.0,-17
43.22666,11.736837,62.0,-24
43.226576,11.737004,59.91,-25
43.226576,11.737004,59.91,-34
43.226576,11.737004,59.91,-25
43.226484,11.737151,57.5,-16
43.226484,11.737151,57.5,-26
43.226484,11.737151,57.5,-29
43.22638,11.73728,55.93,-20
43.22638,11.73728,55.93,-9
43.22638,11.73728,55.93,-21
43.226248,11.73738,55.99,-32
43.226248,11.73738,55.99,-36
43.226124,11.737453,53.97,-27
43.226124,11.737453,53.97,-15
43.226124,11.737453,53.97,-8
43.225988,11.737501,54.5,-13
43.225988,11.737501,54.5,-16
43.225988,11.737501,54.5,-5
43.225852,11.737511,53.28,-9
43.225852,11.737511,53.28,0
43.225852,11.737511,53.28,-2
43.225712,11.737492,53.82,-2
43.225712,11.737492,53.82,15
43.22558,11.737466,54.04,21
43.22558,11.737466,54.04,23
43.22558,11.737466,54.04,15
43.225436,11.737433,55.78,27
43.225436,11.737433,55.78,58
43.225436,11.737433,55.78,15
43.225296,11.73742,56.0,16
43.225296,11.73742,56.0,0
43.225296,11.73742,56.0,12
43.22516,11.737418,55.87,13
43.22516,11.737418,55.87,28
43.22516,11.737418,55.87,11
43.225016,11.737436,56.1,12
43.225016,11.737436,56.1,13
43.225016,11.737436,56.1,19
43.224876,11.737464,56.49,30
43.224876,11.737464,56.49,19
43.224732,11.737507,57.21,17
43.224732,11.737507,57.21,14
43.224732,11.737507,57.21,-1
43.224608,11.737578,55.02,12
43.224608,11.737578,55.02,18
43.224608,11.737578,55.02,11
43.22448,11.737661,56.02,21
43.22448,11.737661,56.02,8
43.22448,11.737661,56.02,6
43.224356,11.737764,57.08,7
43.224356,11.737764,57.08,-10
43.224356,11.737764,57.08,-16
43.22424,11.737885,57.8,-24
43.22424,11.737885,57.8,-24
43.22424,11.737885,57.8,-18
43.22412,11.737999,57.99,-23
43.22412,11.737999,57.99,-25
43.22412,11.737999,57.99,-8
43.224004,11.738112,57.86,-8
43.224004,11.738112,57.86,-9
43.223888,11.738231,57.86,-7
43.223888,11.738231,57.86,-3
43.223888,11.738231,57.86,7
43.223776,11.738354,57.39,-20
43.223776,11.738354,57.39,2
43.223776,11.738354,57.39,2
43.223676,11.738473,55.56,-6
43.223676,11.738473,55.56,6
43.223676,11.738473,55.56,2
43.22358,11.738591,53.62,8
43.22358,11.738591,53.62,1
43.22358,11.738591,53.62,13
43.223492,11.738713,51.8,12
43.223492,11.738713,51.8,9
43.22342,11.738845,48.73,21
43.22342,11.738845,48.73,3
43.22342,11.738845,48.73,11
43.223364,11.738997,48.26,14
43.223364,11.738997,48.26,23
43.223364,11.738997,48.26,19
43.223324,11.739148,47.08,12
43.223324,11.739148,47.08,21
43.223324,11.739148,47.08,22
43.223316,11.739306,46.13,18
43.223316,11.739306,46.13,35
43.223316,11.739306,46.13,19
43.22334,11.739453,44.82,23
43.22334,11.739453,44.82,33
43.22334,11.739453,44.82,26
43.22338,11.739583,42.8,13
43.22338,11.739583,42.8,0
43.22338,11.739583,42.8,0
43.223424,11.739717,43.08,-3
43.223424,11.739717,43.08,-4
43.223424,11.739717,43.08,-14
43.223472,11.739849,43.1,1
43.223472,11.739849,43.1,-15
43.223472,11.739849,43.1,2
43.223528,11.739984,44.19,11
43.223528,11.739984,44.19,15
43.223528,11.739984,44.19,5
43.223608,11.740116,46.06,0
43.223608,11.740116,46.06,-4
43.223608,11.740116,46.06,7
43.2237,11.740235,47.24,6
43.2237,11.740235,47.24,4
43.2237,11.740235,47.24,-1
43.223788,11.740346,46.82,6
43.223788,11.740346,46.82,5
43.223788,11.740346,46.82,10
43.22386,11.740478,47.61,-2
43.22386,11.740478,47.61,8
43.22386,11.740478,47.61,11
43.223936,11.74061,47.8,2
43.223936,11.74061,47.8,1
43.223936,11.74061,47.8,1
43.224008,11.740734,46.63,1
43.224008,11.740734,46.63,9
43.224008,11.740734,46.63,2
43.22408,11.740842,44.04,3
43.22408,11.740842,44.04,-3
43.22408,11.740842,44.04,-6
43.22414,11.740934,40.52,1
43.22414,11.740934,40.52,-2
43.22414,11.740934,40.52,-1
43.224168,11.741049,37.08,1
43.224168,11.741049,37.08,-3
43.224168,11.741049,37.08,-19
43.224156,11.74115,31.0,-11
43.224156,11.74115,31.0,-10
43.224156,11.74115,31.0,-14
43.224084,11.741275,28.5,-8
43.224084,11.741275,28.5,-8
43.224084,11.741275,28.5,-14
43.224,11.741373,29.91,1
43.224,11.741373,29.91,-22
43.224,11.741373,29.91,-15
43.223928,11.74144,31.56,-17
43.223928,11.74144,31.56,7
43.223928,11.74144,31.56,16
43.223844,11.741505,35.6,8
43.223844,11.741505,35.6,11
43.223844,11.741505,35.6,2
43.22376,11.741564,36.6,6
43.22376,11.741564,36.6,3
43.22376,11.741564,36.6,6
43.223672,11.741642,40.24,8
43.223672,11.741642,40.24,4
43.223672,11.741642,40.24,4
43.223572,11.741733,44.56,0
43.223572,11.741733,44.56,24
43.223572,11.741733,44.56,10
43.223472,11.741837,47.58,-9
43.223472,11.741837,47.58,-5
43.223472,11.741837,47.58,5
43.223376,11.741928,47.54,0
43.223376,11.741928,47.54,-3
43.223376,11.741928,47.54,6
43.223268,11.742001,47.86,10
43.223268,11.742001,47.86,-21
43.223268,11.742001,47.86,-12
43.223156,11.742088,49.0,-16
43.223156,11.742088,49.0,-18
43.223156,11.742088,49.0,-10
43.22304,11.742181,51.34,-7
43.22304,11.742181,51.34,0
43.22304,11.742181,51.34,8
43.222924,11.742285,53.34,-9
43.222924,11.742285,53.34,-8
43.222924,11.742285,53.34,-4
43.222808,11.74239,54.32,-5
43.222808,11.74239,54.32,7
43.222808,11.74239,54.32,6
43.222692,11.742491,55.8,13
43.222692,11.742491,55.8,20
43.222692,11.742491,55.8,30
43.222568,11.7426,57.41,22
43.222568,11.7426,57.41,40
43.222568,11.7426,57.41,39
43.222452,11.742712,57.71,48
43.222452,11.742712,57.71,42
43.222452,11.742712,57.71,41
43.222328,11.742824,58.06,39
43.222328,11.742824,58.06,33
43.222328,11.742824,58.06,30
43.222208,11.742948,59.1,22
43.222208,11.742948,59.1,9
43.222208,11.742948,59.1,11
43.222088,11.743075,60.19,4
43.222088,11.743075,60.19,1
43.22196,11.743189,60.62,8
43.22196,11.743189,60.62,-9
43.22196,11.743189,60.62,-7
43.221824,11.743287,61.34,0
43.221824,11.743287,61.34,4
43.221824,11.743287,61.34,1
43.221688,11.743373,61.65,3
43.221688,11.743373,61.65,13
43.221688,11.743373,61.65,19
43.221548,11.743458,62.02,17
43.221548,11.743458,62.02,14
43.221548,11.743458,62.02,18
43.221408,11.743544,61.97,23
43.221408,11.743544,61.97,23
43.221408,11.743544,61.97,27
43.221272,11.743629,61.82,19
43.221272,11.743629,61.82,5
43.221272,11.743629,61.82,2
43.221124,11.743719,63.47,10
43.221124,11.743719,63.47,11
43.221124,11.743719,63.47,5
43.220976,11.743782,62.32,1
43.220976,11.743782,62.32,2
43.220976,11.743782,62.32,3
43.220828,11.743865,63.47,0
43.220828,11.743865,63.47,0
43.220828,11.743865,63.47,-2
43.220676,11.743922,64.26,16
43.220676,11.743922,64.26,0
43.220676,11.743922,64.26,-1
43.220528,11.743979,63.65,0
43.220528,11.743979,63.65,-8
43.220528,11.743979,63.65,-8
43.22038,11.744038,63.3,-6
43.22038,11.744038,63.3,-11
43.22038,11.744038,63.3,-5
43.220236,11.744088,61.5,-12
43.220236,11.744088,61.5,-22
43.220236,11.744088,61.5,-21
43.220096,11.744129,60.21,-6
43.220096,11.744129,60.21,1
43.220096,11.744129,60.21,0
43.21996,11.744149,59.49,6
43.21996,11.744149,59.49,7
43.21996,11.744149,59.49,8
43.21982,11.744179,59.54,18
43.21982,11.744179,59.54,8
43.21982,11.744179,59.54,8
43.21968,11.744211,58.88,14
43.21968,11.744211,58.88,13
43.21968,11.744211,58.88,12
43.219556,11.744205,55.89,13
43.219556,11.744205,55.89,13
43.219556,11.744205,55.89,13
43.219432,11.744201,53.04,2
43.219432,11.744201,53.04,0
43.219432,11.744201,53.04,-5
43.219312,11.744205,51.32,-4
43.219312,11.744205,51.32,7
43.219312,11.744205,51.32,4
43.219184,11.744207,51.28,10
43.219184,11.744207,51.28,5
43.219184,11.744207,51.28,13
43.219068,11.744231,49.49,21
43.219068,11.744231,49.49,13
43.219068,11.744231,49.49,17
43.218948,11.744233,48.93,33
43.218948,11.744233,48.93,11
43.218948,11.744233,48.93,4
43.218836,11.744244,47.1,11
43.218836,11.744244,47.1,3
43.218836,11.744244,47.1,0
43.21874,11.744231,45.19,10
43.21874,11.744231,45.19,5
43.21874,11.744231,45.19,6
43.218648,11.744224,41.93,0
43.218648,11.744224,41.93,5
43.218648,11.744224,41.93,4
43.218548,11.744228,41.69,-6
43.218548,11.744228,41.69,10
43.218468,11.744226,38.71,-1
43.218468,11.744226,38.71,0
43.218468,11.744226,38.71,0
43.21838,11.744209,37.87,0
43.21838,11.744209,37.87,-3
43.21838,11.744209,37.87,-3
43.218284,11.744197,38.34,-1
43.218284,11.744197,38.34,0
43.218188,11.744193,38.47,6
43.218188,11.744193,38.47,0
43.218104,11.744176,37.41,2
43.218008,11.744187,37.65,2
43.218008,11.744187,37.65,3
43.21792,11.744193,36.85,8
43.21792,11.744193,36.85,2
43.217816,11.74419,37.91,8
43.217816,11.74419,37.91,-2
43.217704,11.744191,39.47,0
43.217584,11.744163,42.26,-7
43.217476,11.744149,42.78,8
43.217476,11.744149,42.78,8
43.217364,11.744138,43.32,4
43.217364,11.744138,43.32,2
43.21726,11.744113,43.5,0
43.21726,11.744113,43.5,2
43.217148,11.744079,43.87,5
43.217148,11.744079,43.87,20
43.217048,11.744061,43.45,20
43.217048,11.744061,43.45,10
43.216952,11.744046,42.04,11
43.216952,11.744046,42.04,9
43.216856,11.744023,41.58,0
43.216856,11.744023,41.58,-4
43.21676,11.744014,40.84,3
43.21676,11.744014,40.84,0
43.216668,11.743976,40.13,9
43.216668,11.743976,40.13,10
43.216588,11.743941,38.63,0
43.216588,11.743941,38.63,0
43.216524,11.743946,35.35,0
43.216524,11.743946,35.35,-4
43.216472,11.743942,31.0,-6
43.216472,11.743942,31.0,-12
43.216412,11.743935,29.74,-3
43.216412,11.743935,29.74,-11
43.216364,11.743917,26.43,-1
43.216364,11.743917,26.43,14
43.216324,11.743915,24.15,20
43.216324,11.743915,24.15,42
43.216268,11.743876,24.34,5
43.216268,11.743876,24.34,-13
43.21622,11.743828,23.46,6
43.21622,11.743828,23.46,-12
43.216168,11.743791,23.76,7
43.216168,11.743791,23.76,4
43.216112,11.743719,25.21,5
43.216112,11.743719,25.21,13
43.216064,11.743665,25.15,11
